Multimodal Model Results
========================

Env features used: temperature, humidity, rainfall, wind_speed, season_code

Confusion Matrix:
[[ 89   0   0 ...   0   0   0]
 [  1  91   0 ...   0   0   0]
 [  1   0  40 ...   0   0   0]
 ...
 [  0   0   0 ... 799   0   0]
 [  0   0   0 ...   2  54   0]
 [  0   0   0 ...   0   0 236]]

Classification Report:
              precision    recall  f1-score   support

           0       0.95      0.95      0.95        94
           1       0.99      0.98      0.98        93
           2       1.00      0.98      0.99        41
           3       0.99      0.98      0.99       247
           4       1.00      0.99      1.00       225
           5       1.00      0.99      1.00       158
           6       0.98      0.98      0.98       128
           7       0.83      0.83      0.83        77
           8       0.95      1.00      0.98       179
           9       0.92      0.89      0.90       148
          10       1.00      1.00      1.00       174
          11       0.98      0.98      0.98       177
          12       0.99      0.99      0.99       207
          13       1.00      0.99      1.00       161
          14       0.98      1.00      0.99        63
          15       1.00      1.00      1.00       826
          16       0.99      0.99      0.99       345
          17       0.96      1.00      0.98        54
          18       0.99      0.99      0.99       150
          19       1.00      0.98      0.99       222
          20       0.96      1.00      0.98       150
          21       0.98      0.96      0.97       150
          22       0.88      0.96      0.92        23
          23       0.98      0.98      0.98        56
          24       0.99      1.00      1.00       764
          25       1.00      1.00      1.00       275
          26       0.99      1.00      0.99       166
          27       0.99      1.00      0.99        68
          28       0.93      0.96      0.94       319
          29       0.89      0.71      0.79       150
          30       0.93      0.94      0.94       286
          31       0.92      0.92      0.92       143
          32       0.90      0.88      0.89       266
          33       0.91      0.95      0.93       251
          34       0.89      0.87      0.88       211
          35       0.99      0.99      0.99       804
          36       0.95      0.96      0.96        56
          37       0.97      0.99      0.98       239

    accuracy                           0.97      8146
   macro avg       0.96      0.96      0.96      8146
weighted avg       0.97      0.97      0.97      8146
